Coefficients: [9830.8253699]
Intercept: 24278.922619432415
